        0.2389655534714731910383989
        0.8327467309140829110347681
        2.3338206133220786853144091
        1.2622522998676943828399999
        0.8190484285169856715214109
       -0.0193252916710628282193074
        0.0021999488331507950633625
        0.0041473648279023826723755
        0.0011569118455809245579052
       -0.0002113008773919593111593
       -0.0003455118409762255129482
       -0.0000233452942032454660798
        0.0000046105009528847329121
        0.0000071808015628891858398
      -62.6272479196376323784534179
      -70.1190168250408163430620334
      -62.4968585801827103409777919
        8.4084275980738354405730206
        8.6760315575396926845996859
        7.8038563535934279968842020
       -0.3568554490758349961865292
       -0.3019931102556295821059962
       -0.2690605095339178021163207
     -264.5432812321095070728915744
     -912.4974821085720577684696764
     -594.2946778511944785350351594
       93.5456312849833864220272517
      463.7710934176026853492658120
      285.9176589644927162225940265
      -58.1468128084494679796989658
     -182.9211226134291337075410411
     -121.4841112867197381319783744
       94.6314460926734568602114450
      152.1335810462310860202705953
      117.3329014423619440776747069
      -13.2825077437649259337604235
      -28.9857154206200959833950037
      -20.6193797738762434335058060
        4.0376127301436284255942155
        6.1053806374062755679688053
        4.9996735675581760460772784
