   4.062     0.000   -528.239341474855
   4.426     0.000   -528.253294804079
   4.789     0.000   -528.260593341259
   5.152     0.000   -528.264303067797
   5.515     0.000   -528.266111824493
   5.878     0.000   -528.266938963762
   6.241     0.000   -528.267277107896
   6.604     0.000   -528.267384064394
   6.967     0.000   -528.267390349181
   7.330     0.000   -528.267358988756
   7.693     0.000   -528.267318339139
   8.056     0.000   -528.267279726835
   8.419     0.000   -528.267246649311
   8.782     0.000   -528.267219369892
   9.145     0.000   -528.267197070144
   9.508     0.000   -528.267178759673
   9.871     0.000   -528.267163591766
  10.234     0.000   -528.267150921896
  10.597     0.000   -528.267140274324
  10.960     0.000   -528.267131290473
  11.323     0.000   -528.267123686577
  11.686     0.000   -528.267117226672
  12.049     0.000   -528.267111708509
  12.412     0.000   -528.267106957753
  12.775     0.000   -528.267102826277
  13.138     0.000   -528.267099191671
  13.501     0.000   -528.267095956367
  13.864     0.000   -528.267093045758
  14.227     0.000   -528.267090405324
  14.590     0.000   -528.267087997074
  14.953     0.000   -528.267085795740
  15.316     0.000   -528.267083785081
  15.679     0.000   -528.267081954609
  16.042     0.000   -528.267080296901
  16.405     0.000   -528.267078805567
  16.768     0.000   -528.267077473869
  17.131     0.000   -528.267076293903
  17.494     0.000   -528.267075256263
  17.857     0.000   -528.267074350056
  18.220     0.000   -528.267073563166
  18.583     0.000   -528.267072882653
  18.946     0.000   -528.267072295227
  19.309     0.000   -528.267071787712
  19.672     0.000   -528.267071347462
  20.035     0.000   -528.267070962714
  20.398     0.000   -528.267070622850
  20.761     0.000   -528.267070318559
  21.124     0.000   -528.267070041933
  21.487     0.000   -528.267069786474
  21.850     0.000   -528.267069547044
  22.213     0.000   -528.267069319770
  22.576     0.000   -528.267069101908
  22.939     0.000   -528.267068891696
  23.302     0.000   -528.267068688190
  23.665     0.000   -528.267068491100
  24.028     0.000   -528.267068300636
  24.391     0.000   -528.267068117367
  24.754     0.000   -528.267067942085
  25.117     0.000   -528.267067775706
  25.480     0.000   -528.267067619166
  25.843     0.000   -528.267067473360
  26.206     0.000   -528.267067339074
  26.569     0.000   -528.267067216956
  26.932     0.000   -528.267067107480
  27.295     0.000   -528.267067010941
  27.658     0.000   -528.267066927445
  28.021     0.000   -528.267066856920
  28.384     0.000   -528.267066799120
  28.747     0.000   -528.267066753648
  29.110     0.000   -528.267066719968
  29.473     0.000   -528.267066697432
  29.836     0.000   -528.267066685298
  30.199     0.000   -528.267066682755
  30.562     0.000   -528.267066688937
  30.925     0.000   -528.267066702952
  31.288     0.000   -528.267066723892
  31.651     0.000   -528.267066750853
  32.014     0.000   -528.267066782949
  32.377     0.000   -528.267066819320
  32.740     0.000   -528.267066859146
  33.103     0.000   -528.267066901653
  33.466     0.000   -528.267066946121
  33.829     0.000   -528.267066991882
  34.192     0.000   -528.267067038331
  34.555     0.000   -528.267067084920
  34.918     0.000   -528.267067131165
  35.281     0.000   -528.267067176637
  35.644     0.000   -528.267067220969
  36.007     0.000   -528.267067263845
  36.370     0.000   -528.267067305005
  36.733     0.000   -528.267067344236
  37.096     0.000   -528.267067381371
  37.459     0.000   -528.267067416284
  37.822     0.000   -528.267067448890
  38.185     0.000   -528.267067479134
  38.548     0.000   -528.267067506994
  38.911     0.000   -528.267067532473
  39.274     0.000   -528.267067555599
  39.637     0.000   -528.267067576418
  40.000     0.000   -528.267067594995
   4.062    10.000   -528.239771355635
   4.426    10.000   -528.253603574174
   4.789    10.000   -528.260840293226
   5.152    10.000   -528.264518113239
   5.515    10.000   -528.266310780342
   5.878    10.000   -528.267130381495
   6.241    10.000   -528.267465565008
   6.604    10.000   -528.267571905669
   6.967    10.000   -528.267578678523
   7.330    10.000   -528.267548251239
   7.693    10.000   -528.267508657197
   8.056    10.000   -528.267471084167
   8.419    10.000   -528.267438982633
   8.782    10.000   -528.267412608369
   9.145    10.000   -528.267391148064
   9.508    10.000   -528.267373617562
   9.871    10.000   -528.267359174065
  10.234    10.000   -528.267347174833
  10.597    10.000   -528.267337145075
  10.960    10.000   -528.267328727497
  11.323    10.000   -528.267321640591
  11.686    10.000   -528.267315651737
  12.049    10.000   -528.267310562847
  12.412    10.000   -528.267306204134
  12.775    10.000   -528.267302431968
  13.138    10.000   -528.267299128027
  13.501    10.000   -528.267296198197
  13.864    10.000   -528.267293570603
  14.227    10.000   -528.267291192752
  14.590    10.000   -528.267289028083
  14.953    10.000   -528.267287052292
  15.316    10.000   -528.267285249800
  15.679    10.000   -528.267283610620
  16.042    10.000   -528.267282127792
  16.405    10.000   -528.267280795437
  16.768    10.000   -528.267279607437
  17.131    10.000   -528.267278556639
  17.494    10.000   -528.267277634526
  17.857    10.000   -528.267276831211
  18.220    10.000   -528.267276135672
  18.583    10.000   -528.267275536119
  18.946    10.000   -528.267275020423
  19.309    10.000   -528.267274576550
  19.672    10.000   -528.267274192948
  20.035    10.000   -528.267273858869
  20.398    10.000   -528.267273564612
  20.761    10.000   -528.267273301683
  21.124    10.000   -528.267273062876
  21.487    10.000   -528.267272842281
  21.850    10.000   -528.267272635245
  22.213    10.000   -528.267272438275
  22.576    10.000   -528.267272248922
  22.939    10.000   -528.267272065639
  23.302    10.000   -528.267271887631
  23.665    10.000   -528.267271714705
  24.028    10.000   -528.267271547124
  24.391    10.000   -528.267271385480
  24.754    10.000   -528.267271230568
  25.117    10.000   -528.267271083290
  25.480    10.000   -528.267270944569
  25.843    10.000   -528.267270815278
  26.206    10.000   -528.267270696192
  26.569    10.000   -528.267270587950
  26.932    10.000   -528.267270491030
  27.295    10.000   -528.267270405739
  27.658    10.000   -528.267270332207
  28.021    10.000   -528.267270270395
  28.384    10.000   -528.267270220102
  28.747    10.000   -528.267270180983
  29.110    10.000   -528.267270152566
  29.473    10.000   -528.267270134268
  29.836    10.000   -528.267270125422
  30.199    10.000   -528.267270125290
  30.562    10.000   -528.267270133087
  30.925    10.000   -528.267270148000
  31.288    10.000   -528.267270169200
  31.651    10.000   -528.267270195860
  32.014    10.000   -528.267270227168
  32.377    10.000   -528.267270262340
  32.740    10.000   -528.267270300622
  33.103    10.000   -528.267270341306
  33.466    10.000   -528.267270383729
  33.829    10.000   -528.267270427281
  34.192    10.000   -528.267270471406
  34.555    10.000   -528.267270515603
  34.918    10.000   -528.267270559424
  35.281    10.000   -528.267270602480
  35.644    10.000   -528.267270644431
  36.007    10.000   -528.267270684991
  36.370    10.000   -528.267270723920
  36.733    10.000   -528.267270761023
  37.096    10.000   -528.267270796150
  37.459    10.000   -528.267270829186
  37.822    10.000   -528.267270860052
  38.185    10.000   -528.267270888701
  38.548    10.000   -528.267270915113
  38.911    10.000   -528.267270939294
  39.274    10.000   -528.267270961270
  39.637    10.000   -528.267270981086
  40.000    10.000   -528.267270998801
   4.062    20.000   -528.240616859612
   4.426    20.000   -528.254107113458
   4.789    20.000   -528.261168512862
   5.152    20.000   -528.264755636043
   5.515    20.000   -528.266502521861
   5.878    20.000   -528.267300648278
   6.241    20.000   -528.267627354318
   6.604    20.000   -528.267731860264
   6.967    20.000   -528.267739915985
   7.330    20.000   -528.267712022790
   7.693    20.000   -528.267675303413
   8.056    20.000   -528.267640556299
   8.419    20.000   -528.267611101928
   8.782    20.000   -528.267587177110
   9.145    20.000   -528.267567984898
   9.508    20.000   -528.267552560175
   9.871    20.000   -528.267540072142
  10.234    20.000   -528.267529883586
  10.597    20.000   -528.267521522450
  10.960    20.000   -528.267514634778
  11.323    20.000   -528.267508944909
  11.686    20.000   -528.267504228976
  12.049    20.000   -528.267500299919
  12.412    20.000   -528.267497000107
  12.775    20.000   -528.267494198003
  13.138    20.000   -528.267491786338
  13.501    20.000   -528.267489680389
  13.864    20.000   -528.267487815743
  14.227    20.000   -528.267486145485
  14.590    20.000   -528.267484637000
  14.953    20.000   -528.267483268676
  15.316    20.000   -528.267482026785
  15.679    20.000   -528.267480902740
  16.042    20.000   -528.267479890857
  16.405    20.000   -528.267478986658
  16.768    20.000   -528.267478185695
  17.131    20.000   -528.267477482843
  17.494    20.000   -528.267476871970
  17.857    20.000   -528.267476345888
  18.220    20.000   -528.267475896513
  18.583    20.000   -528.267475515134
  18.946    20.000   -528.267475192750
  19.309    20.000   -528.267474920394
  19.672    20.000   -528.267474689451
  20.035    20.000   -528.267474491903
  20.398    20.000   -528.267474320527
  20.761    20.000   -528.267474169022
  21.124    20.000   -528.267474032072
  21.487    20.000   -528.267473905362
  21.850    20.000   -528.267473785538
  22.213    20.000   -528.267473670144
  22.576    20.000   -528.267473557524
  22.939    20.000   -528.267473446714
  23.302    20.000   -528.267473337323
  23.665    20.000   -528.267473229419
  24.028    20.000   -528.267473123416
  24.391    20.000   -528.267473019968
  24.754    20.000   -528.267472919876
  25.117    20.000   -528.267472824013
  25.480    20.000   -528.267472733256
  25.843    20.000   -528.267472648430
  26.206    20.000   -528.267472570273
  26.569    20.000   -528.267472499403
  26.932    20.000   -528.267472436307
  27.295    20.000   -528.267472381323
  27.658    20.000   -528.267472334645
  28.021    20.000   -528.267472296324
  28.384    20.000   -528.267472266279
  28.747    20.000   -528.267472244306
  29.110    20.000   -528.267472230097
  29.473    20.000   -528.267472223251
  29.836    20.000   -528.267472223295
  30.199    20.000   -528.267472229697
  30.562    20.000   -528.267472241883
  30.925    20.000   -528.267472259250
  31.288    20.000   -528.267472281185
  31.651    20.000   -528.267472307068
  32.014    20.000   -528.267472336291
  32.377    20.000   -528.267472368262
  32.740    20.000   -528.267472402415
  33.103    20.000   -528.267472438212
  33.466    20.000   -528.267472475154
  33.829    20.000   -528.267472512777
  34.192    20.000   -528.267472550662
  34.555    20.000   -528.267472588427
  34.918    20.000   -528.267472625736
  35.281    20.000   -528.267472662294
  35.644    20.000   -528.267472697844
  36.007    20.000   -528.267472732172
  36.370    20.000   -528.267472765097
  36.733    20.000   -528.267472796475
  37.096    20.000   -528.267472826194
  37.459    20.000   -528.267472854171
  37.822    20.000   -528.267472880351
  38.185    20.000   -528.267472904701
  38.548    20.000   -528.267472927212
  38.911    20.000   -528.267472947891
  39.274    20.000   -528.267472966764
  39.637    20.000   -528.267472983871
  40.000    20.000   -528.267472999262
   4.062    30.000   -528.241777880092
   4.426    30.000   -528.254763664862
   4.789    30.000   -528.261564165297
   5.152    30.000   -528.265015711031
   5.515    30.000   -528.266694028808
   5.878    30.000   -528.267459916688
   6.241    30.000   -528.267773770365
   6.604    30.000   -528.267875288273
   6.967    30.000   -528.267884956893
   7.330    30.000   -528.267860506313
   7.693    30.000   -528.267827716929
   8.056    30.000   -528.267796819905
   8.419    30.000   -528.267770951742
   8.782    30.000   -528.267750328179
   9.145    30.000   -528.267734181984
   9.508    30.000   -528.267721580312
   9.871    30.000   -528.267711712852
  10.234    30.000   -528.267703951949
  10.597    30.000   -528.267697829757
  10.960    30.000   -528.267692996401
  11.323    30.000   -528.267689183273
  11.686    30.000   -528.267686177432
  12.049    30.000   -528.267683805960
  12.412    30.000   -528.267681927133
  12.775    30.000   -528.267680425478
  13.138    30.000   -528.267679208604
  13.501    30.000   -528.267678204572
  13.864    30.000   -528.267677359250
  14.227    30.000   -528.267676633502
  14.590    30.000   -528.267676000293
  14.953    30.000   -528.267675441874
  15.316    30.000   -528.267674947195
  15.679    30.000   -528.267674509694
  16.042    30.000   -528.267674125491
  16.405    30.000   -528.267673792029
  16.768    30.000   -528.267673507113
  17.131    30.000   -528.267673268316
  17.494    30.000   -528.267673072661
  17.857    30.000   -528.267672916531
  18.220    30.000   -528.267672795725
  18.583    30.000   -528.267672705610
  18.946    30.000   -528.267672641319
  19.309    30.000   -528.267672597961
  19.672    30.000   -528.267672570815
  20.035    30.000   -528.267672555496
  20.398    30.000   -528.267672548082
  20.761    30.000   -528.267672545193
  21.124    30.000   -528.267672544043
  21.487    30.000   -528.267672542446
  21.850    30.000   -528.267672538797
  22.213    30.000   -528.267672532027
  22.576    30.000   -528.267672521548
  22.939    30.000   -528.267672507185
  23.302    30.000   -528.267672489097
  23.665    30.000   -528.267672467708
  24.028    30.000   -528.267672443637
  24.391    30.000   -528.267672417627
  24.754    30.000   -528.267672390494
  25.117    30.000   -528.267672363074
  25.480    30.000   -528.267672336184
  25.843    30.000   -528.267672310586
  26.206    30.000   -528.267672286967
  26.569    30.000   -528.267672265921
  26.932    30.000   -528.267672247939
  27.295    30.000   -528.267672233402
  27.658    30.000   -528.267672222586
  28.021    30.000   -528.267672215659
  28.384    30.000   -528.267672212696
  28.747    30.000   -528.267672213682
  29.110    30.000   -528.267672218523
  29.473    30.000   -528.267672227058
  29.836    30.000   -528.267672239071
  30.199    30.000   -528.267672254302
  30.562    30.000   -528.267672272454
  30.925    30.000   -528.267672293210
  31.288    30.000   -528.267672316235
  31.651    30.000   -528.267672341189
  32.014    30.000   -528.267672367732
  32.377    30.000   -528.267672395530
  32.740    30.000   -528.267672424263
  33.103    30.000   -528.267672453625
  33.466    30.000   -528.267672483330
  33.829    30.000   -528.267672513114
  34.192    30.000   -528.267672542734
  34.555    30.000   -528.267672571975
  34.918    30.000   -528.267672600643
  35.281    30.000   -528.267672628572
  35.644    30.000   -528.267672655616
  36.007    30.000   -528.267672681655
  36.370    30.000   -528.267672706591
  36.733    30.000   -528.267672730346
  37.096    30.000   -528.267672752860
  37.459    30.000   -528.267672774094
  37.822    30.000   -528.267672794021
  38.185    30.000   -528.267672812632
  38.548    30.000   -528.267672829930
  38.911    30.000   -528.267672845927
  39.274    30.000   -528.267672860648
  39.637    30.000   -528.267672874123
  40.000    30.000   -528.267672886393
   4.062    40.000   -528.243113268666
   4.426    40.000   -528.255512375817
   4.789    40.000   -528.262005571632
   5.152    40.000   -528.265296389640
   5.515    40.000   -528.266893195662
   5.878    40.000   -528.267620632206
   6.241    40.000   -528.267918944649
   6.604    40.000   -528.268016504498
   6.967    40.000   -528.268027568950
   7.330    40.000   -528.268006614463
   7.693    40.000   -528.267977862157
   8.056    40.000   -528.267950895566
   8.419    40.000   -528.267928650647
   8.782    40.000   -528.267911330463
   9.145    40.000   -528.267898211924
   9.508    40.000   -528.267888406903
   9.871    40.000   -528.267881133681
  10.234    40.000   -528.267875778148
  10.597    40.000   -528.267871877651
  10.960    40.000   -528.267869085613
  11.323    40.000   -528.267867138933
  11.686    40.000   -528.267865833964
  12.049    40.000   -528.267865010585
  12.412    40.000   -528.267864542093
  12.775    40.000   -528.267864328657
  13.138    40.000   -528.267864292729
  13.501    40.000   -528.267864375407
  13.864    40.000   -528.267864533264
  14.227    40.000   -528.267864735441
  14.590    40.000   -528.267864960979
  14.953    40.000   -528.267865196426
  15.316    40.000   -528.267865433771
  15.679    40.000   -528.267865668731
  16.042    40.000   -528.267865899389
  16.405    40.000   -528.267866125177
  16.768    40.000   -528.267866346149
  17.131    40.000   -528.267866562512
  17.494    40.000   -528.267866774346
  17.857    40.000   -528.267866981474
  18.220    40.000   -528.267867183440
  18.583    40.000   -528.267867379546
  18.946    40.000   -528.267867568927
  19.309    40.000   -528.267867750643
  19.672    40.000   -528.267867923763
  20.035    40.000   -528.267868087445
  20.398    40.000   -528.267868240992
  20.761    40.000   -528.267868383894
  21.124    40.000   -528.267868515854
  21.487    40.000   -528.267868636786
  21.850    40.000   -528.267868746816
  22.213    40.000   -528.267868846258
  22.576    40.000   -528.267868935591
  22.939    40.000   -528.267869015430
  23.302    40.000   -528.267869086493
  23.665    40.000   -528.267869149570
  24.028    40.000   -528.267869205491
  24.391    40.000   -528.267869255101
  24.754    40.000   -528.267869299237
  25.117    40.000   -528.267869338704
  25.480    40.000   -528.267869374262
  25.843    40.000   -528.267869406615
  26.206    40.000   -528.267869436400
  26.569    40.000   -528.267869464184
  26.932    40.000   -528.267869490458
  27.295    40.000   -528.267869515643
  27.658    40.000   -528.267869540089
  28.021    40.000   -528.267869564078
  28.384    40.000   -528.267869587828
  28.747    40.000   -528.267869611505
  29.110    40.000   -528.267869635222
  29.473    40.000   -528.267869659047
  29.836    40.000   -528.267869683013
  30.199    40.000   -528.267869707120
  30.562    40.000   -528.267869731344
  30.925    40.000   -528.267869755638
  31.288    40.000   -528.267869779943
  31.651    40.000   -528.267869804187
  32.014    40.000   -528.267869828293
  32.377    40.000   -528.267869852181
  32.740    40.000   -528.267869875767
  33.103    40.000   -528.267869898972
  33.466    40.000   -528.267869921720
  33.829    40.000   -528.267869943940
  34.192    40.000   -528.267869965568
  34.555    40.000   -528.267869986545
  34.918    40.000   -528.267870006823
  35.281    40.000   -528.267870026358
  35.644    40.000   -528.267870045117
  36.007    40.000   -528.267870063073
  36.370    40.000   -528.267870080208
  36.733    40.000   -528.267870096508
  37.096    40.000   -528.267870111970
  37.459    40.000   -528.267870126594
  37.822    40.000   -528.267870140386
  38.185    40.000   -528.267870153357
  38.548    40.000   -528.267870165523
  38.911    40.000   -528.267870176905
  39.274    40.000   -528.267870187523
  39.637    40.000   -528.267870197405
  40.000    40.000   -528.267870206577
   4.062    50.000   -528.244469443355
   4.426    50.000   -528.256283120912
   4.789    50.000   -528.262464701219
   5.152    50.000   -528.265591231961
   5.515    50.000   -528.267104440543
   5.878    50.000   -528.267792283197
   6.241    50.000   -528.268074328698
   6.604    50.000   -528.268167322274
   6.967    50.000   -528.268179167015
   7.330    50.000   -528.268161053351
   7.693    50.000   -528.268135648745
   8.056    50.000   -528.268111905928
   8.419    50.000   -528.268092577851
   8.782    50.000   -528.268077870042
   9.145    50.000   -528.268067115682
   9.508    50.000   -528.268059480440
   9.871    50.000   -528.268054217220
  10.234    50.000   -528.268050728521
  10.597    50.000   -528.268048557252
  10.960    50.000   -528.268047358283
  11.323    50.000   -528.268046870565
  11.686    50.000   -528.268046895362
  12.049    50.000   -528.268047280676
  12.412    50.000   -528.268047910347
  12.775    50.000   -528.268048696272
  13.138    50.000   -528.268049572578
  13.501    50.000   -528.268050491036
  13.864    50.000   -528.268051417301
  14.227    50.000   -528.268052327792
  14.590    50.000   -528.268053207082
  14.953    50.000   -528.268054045770
  15.316    50.000   -528.268054838770
  15.679    50.000   -528.268055583976
  16.042    50.000   -528.268056281259
  16.405    50.000   -528.268056931724
  16.768    50.000   -528.268057537198
  17.131    50.000   -528.268058099874
  17.494    50.000   -528.268058622093
  17.857    50.000   -528.268059106210
  18.220    50.000   -528.268059554516
  18.583    50.000   -528.268059969212
  18.946    50.000   -528.268060352396
  19.309    50.000   -528.268060706066
  19.672    50.000   -528.268061032127
  20.035    50.000   -528.268061332401
  20.398    50.000   -528.268061608633
  20.761    50.000   -528.268061862497
  21.124    50.000   -528.268062095600
  21.487    50.000   -528.268062309477
  21.850    50.000   -528.268062505595
  22.213    50.000   -528.268062685349
  22.576    50.000   -528.268062850061
  22.939    50.000   -528.268063000976
  23.302    50.000   -528.268063139263
  23.665    50.000   -528.268063266013
  24.028    50.000   -528.268063382239
  24.391    50.000   -528.268063488879
  24.754    50.000   -528.268063586797
  25.117    50.000   -528.268063676785
  25.480    50.000   -528.268063759564
  25.843    50.000   -528.268063835796
  26.206    50.000   -528.268063906078
  26.569    50.000   -528.268063970953
  26.932    50.000   -528.268064030912
  27.295    50.000   -528.268064086396
  27.658    50.000   -528.268064137805
  28.021    50.000   -528.268064185499
  28.384    50.000   -528.268064229803
  28.747    50.000   -528.268064271006
  29.110    50.000   -528.268064309374
  29.473    50.000   -528.268064345142
  29.836    50.000   -528.268064378524
  30.199    50.000   -528.268064409714
  30.562    50.000   -528.268064438886
  30.925    50.000   -528.268064466198
  31.288    50.000   -528.268064491795
  31.651    50.000   -528.268064515805
  32.014    50.000   -528.268064538349
  32.377    50.000   -528.268064559534
  32.740    50.000   -528.268064579460
  33.103    50.000   -528.268064598215
  33.466    50.000   -528.268064615884
  33.829    50.000   -528.268064632541
  34.192    50.000   -528.268064648258
  34.555    50.000   -528.268064663097
  34.918    50.000   -528.268064677118
  35.281    50.000   -528.268064690375
  35.644    50.000   -528.268064702918
  36.007    50.000   -528.268064714793
  36.370    50.000   -528.268064726044
  36.733    50.000   -528.268064736709
  37.096    50.000   -528.268064746826
  37.459    50.000   -528.268064756427
  37.822    50.000   -528.268064765546
  38.185    50.000   -528.268064774209
  38.548    50.000   -528.268064782445
  38.911    50.000   -528.268064790279
  39.274    50.000   -528.268064797733
  39.637    50.000   -528.268064804830
  40.000    50.000   -528.268064811589
   4.062    60.000   -528.245706473453
   4.426    60.000   -528.257006580666
   4.789    60.000   -528.262909819895
   5.152    60.000   -528.265888319246
   5.515    60.000   -528.267325927760
   5.878    60.000   -528.267977809565
   6.241    60.000   -528.268244824443
   6.604    60.000   -528.268333194291
   6.967    60.000   -528.268345109667
   7.330    60.000   -528.268328838911
   7.693    60.000   -528.268305688847
   8.056    60.000   -528.268284074314
   8.419    60.000   -528.268266604866
   8.782    60.000   -528.268253503337
   9.145    60.000   -528.268244164527
   9.508    60.000   -528.268237810488
   9.871    60.000   -528.268233730599
  10.234    60.000   -528.268231345033
  10.597    60.000   -528.268230201957
  10.960    60.000   -528.268229955661
  11.323    60.000   -528.268230343446
  11.686    60.000   -528.268231166518
  12.049    60.000   -528.268232275339
  12.412    60.000   -528.268233558549
  12.775    60.000   -528.268234934439
  13.138    60.000   -528.268236344239
  13.501    60.000   -528.268237746738
  13.864    60.000   -528.268239113961
  14.227    60.000   -528.268240427722
  14.590    60.000   -528.268241676920
  14.953    60.000   -528.268242855464
  15.316    60.000   -528.268243960727
  15.679    60.000   -528.268244992423
  16.042    60.000   -528.268245951813
  16.405    60.000   -528.268246841163
  16.768    60.000   -528.268247663375
  17.131    60.000   -528.268248421746
  17.494    60.000   -528.268249119812
  17.857    60.000   -528.268249761237
  18.220    60.000   -528.268250349738
  18.583    60.000   -528.268250889030
  18.946    60.000   -528.268251382773
  19.309    60.000   -528.268251834537
  19.672    60.000   -528.268252247766
  20.035    60.000   -528.268252625749
  20.398    60.000   -528.268252971593
  20.761    60.000   -528.268253288206
  21.124    60.000   -528.268253578286
  21.487    60.000   -528.268253844313
  21.850    60.000   -528.268254088544
  22.213    60.000   -528.268254313024
  22.576    60.000   -528.268254519590
  22.939    60.000   -528.268254709881
  23.302    60.000   -528.268254885356
  23.665    60.000   -528.268255047307
  24.028    60.000   -528.268255196878
  24.391    60.000   -528.268255335080
  24.754    60.000   -528.268255462808
  25.117    60.000   -528.268255580856
  25.480    60.000   -528.268255689934
  25.843    60.000   -528.268255790679
  26.206    60.000   -528.268255883667
  26.569    60.000   -528.268255969423
  26.932    60.000   -528.268256048430
  27.295    60.000   -528.268256121135
  27.658    60.000   -528.268256187957
  28.021    60.000   -528.268256249289
  28.384    60.000   -528.268256305504
  28.747    60.000   -528.268256356956
  29.110    60.000   -528.268256403982
  29.473    60.000   -528.268256446905
  29.836    60.000   -528.268256486031
  30.199    60.000   -528.268256521655
  30.562    60.000   -528.268256554057
  30.925    60.000   -528.268256583504
  31.288    60.000   -528.268256610248
  31.651    60.000   -528.268256634529
  32.014    60.000   -528.268256656573
  32.377    60.000   -528.268256676591
  32.740    60.000   -528.268256694783
  33.103    60.000   -528.268256711333
  33.466    60.000   -528.268256726412
  33.829    60.000   -528.268256740178
  34.192    60.000   -528.268256752778
  34.555    60.000   -528.268256764344
  34.918    60.000   -528.268256774997
  35.281    60.000   -528.268256784848
  35.644    60.000   -528.268256793994
  36.007    60.000   -528.268256802525
  36.370    60.000   -528.268256810519
  36.733    60.000   -528.268256818047
  37.096    60.000   -528.268256825171
  37.459    60.000   -528.268256831944
  37.822    60.000   -528.268256838414
  38.185    60.000   -528.268256844622
  38.548    60.000   -528.268256850602
  38.911    60.000   -528.268256856384
  39.274    60.000   -528.268256861993
  39.637    60.000   -528.268256867450
  40.000    60.000   -528.268256872772
   4.062    70.000   -528.246714957154
   4.426    70.000   -528.257622602449
   4.789    70.000   -528.263309317587
   5.152    70.000   -528.266171691487
   5.515    70.000   -528.267549789231
   5.878    70.000   -528.268173248166
   6.241    70.000   -528.268428192988
   6.604    70.000   -528.268512554935
   6.967    70.000   -528.268524052890
   7.330    70.000   -528.268508691919
   7.693    70.000   -528.268486740845
   8.056    70.000   -528.268466215340
   8.419    70.000   -528.268449628553
   8.782    70.000   -528.268437228169
   9.145    70.000   -528.268428465482
   9.508    70.000   -528.268422612692
   9.871    70.000   -528.268418991740
  10.234    70.000   -528.268417038681
  10.597    70.000   -528.268416305998
  10.960    70.000   -528.268416446114
  11.323    70.000   -528.268417192423
  11.686    70.000   -528.268418342728
  12.049    70.000   -528.268419745793
  12.412    70.000   -528.268421290505
  12.775    70.000   -528.268422897058
  13.138    70.000   -528.268424509694
  13.501    70.000   -528.268426090767
  13.864    70.000   -528.268427615939
  14.227    70.000   -528.268429070392
  14.590    70.000   -528.268430445922
  14.953    70.000   -528.268431738783
  15.316    70.000   -528.268432948147
  15.679    70.000   -528.268434075044
  16.042    70.000   -528.268435121666
  16.405    70.000   -528.268436090925
  16.768    70.000   -528.268436986180
  17.131    70.000   -528.268437811081
  17.494    70.000   -528.268438569468
  17.857    70.000   -528.268439265312
  18.220    70.000   -528.268439902659
  18.583    70.000   -528.268440485589
  18.946    70.000   -528.268441018162
  19.309    70.000   -528.268441504379
  19.672    70.000   -528.268441948130
  20.035    70.000   -528.268442353155
  20.398    70.000   -528.268442723003
  20.761    70.000   -528.268443061003
  21.124    70.000   -528.268443370244
  21.487    70.000   -528.268443653556
  21.850    70.000   -528.268443913509
  22.213    70.000   -528.268444152411
  22.576    70.000   -528.268444372322
  22.939    70.000   -528.268444575060
  23.302    70.000   -528.268444762225
  23.665    70.000   -528.268444935215
  24.028    70.000   -528.268445095249
  24.391    70.000   -528.268445243387
  24.754    70.000   -528.268445380555
  25.117    70.000   -528.268445507563
  25.480    70.000   -528.268445625122
  25.843    70.000   -528.268445733865
  26.206    70.000   -528.268445834360
  26.569    70.000   -528.268445927120
  26.932    70.000   -528.268446012619
  27.295    70.000   -528.268446091298
  27.658    70.000   -528.268446163569
  28.021    70.000   -528.268446229826
  28.384    70.000   -528.268446290447
  28.747    70.000   -528.268446345793
  29.110    70.000   -528.268446396216
  29.473    70.000   -528.268446442055
  29.836    70.000   -528.268446483638
  30.199    70.000   -528.268446521285
  30.562    70.000   -528.268446555302
  30.925    70.000   -528.268446585984
  31.288    70.000   -528.268446613617
  31.651    70.000   -528.268446638469
  32.014    70.000   -528.268446660799
  32.377    70.000   -528.268446680851
  32.740    70.000   -528.268446698853
  33.103    70.000   -528.268446715021
  33.466    70.000   -528.268446729554
  33.829    70.000   -528.268446742639
  34.192    70.000   -528.268446754446
  34.555    70.000   -528.268446765132
  34.918    70.000   -528.268446774841
  35.281    70.000   -528.268446783701
  35.644    70.000   -528.268446791830
  36.007    70.000   -528.268446799333
  36.370    70.000   -528.268446806302
  36.733    70.000   -528.268446812819
  37.096    70.000   -528.268446818958
  37.459    70.000   -528.268446824782
  37.822    70.000   -528.268446830343
  38.185    70.000   -528.268446835690
  38.548    70.000   -528.268446840861
  38.911    70.000   -528.268446845890
  39.274    70.000   -528.268446850804
  39.637    70.000   -528.268446855625
  40.000    70.000   -528.268446860370
   4.062    80.000   -528.247421656308
   4.426    80.000   -528.258085835125
   4.789    80.000   -528.263636253617
   5.152    80.000   -528.266425036683
   5.515    80.000   -528.267765318073
   5.878    80.000   -528.268370657760
   6.241    80.000   -528.268617813078
   6.604    80.000   -528.268699443460
   6.967    80.000   -528.268710438846
   7.330    80.000   -528.268695384624
   7.693    80.000   -528.268673906601
   8.056    80.000   -528.268653778971
   8.419    80.000   -528.268637461878
   8.782    80.000   -528.268625224437
   9.145    80.000   -528.268616557849
   9.508    80.000   -528.268610769074
   9.871    80.000   -528.268607202670
  10.234    80.000   -528.268605305781
  10.597    80.000   -528.268604633714
  10.960    80.000   -528.268604837001
  11.323    80.000   -528.268605645244
  11.686    80.000   -528.268606852403
  12.049    80.000   -528.268608304333
  12.412    80.000   -528.268609888314
  12.775    80.000   -528.268611524171
  13.138    80.000   -528.268613156770
  13.501    80.000   -528.268614749747
  13.864    80.000   -528.268616280384
  14.227    80.000   -528.268617735563
  14.590    80.000   -528.268619108665
  14.953    80.000   -528.268620397304
  15.316    80.000   -528.268621601723
  15.679    80.000   -528.268622723735
  16.042    80.000   -528.268623766040
  16.405    80.000   -528.268624731825
  16.768    80.000   -528.268625624546
  17.131    80.000   -528.268626447814
  17.494    80.000   -528.268627205350
  17.857    80.000   -528.268627900950
  18.220    80.000   -528.268628538476
  18.583    80.000   -528.268629121822
  18.946    80.000   -528.268629654888
  19.309    80.000   -528.268630141543
  19.672    80.000   -528.268630585577
  20.035    80.000   -528.268630990663
  20.398    80.000   -528.268631360316
  20.761    80.000   -528.268631697856
  21.124    80.000   -528.268632006383
  21.487    80.000   -528.268632288756
  21.850    80.000   -528.268632547584
  22.213    80.000   -528.268632785224
  22.576    80.000   -528.268633003781
  22.939    80.000   -528.268633205123
  23.302    80.000   -528.268633390895
  23.665    80.000   -528.268633562535
  24.028    80.000   -528.268633721297
  24.391    80.000   -528.268633868270
  24.754    80.000   -528.268634004401
  25.117    80.000   -528.268634130514
  25.480    80.000   -528.268634247331
  25.843    80.000   -528.268634355489
  26.206    80.000   -528.268634455552
  26.569    80.000   -528.268634548031
  26.932    80.000   -528.268634633391
  27.295    80.000   -528.268634712061
  27.658    80.000   -528.268634784442
  28.021    80.000   -528.268634850914
  28.384    80.000   -528.268634911840
  28.747    80.000   -528.268634967567
  29.110    80.000   -528.268635018433
  29.473    80.000   -528.268635064762
  29.836    80.000   -528.268635106871
  30.199    80.000   -528.268635145067
  30.562    80.000   -528.268635179644
  30.925    80.000   -528.268635210890
  31.288    80.000   -528.268635239079
  31.651    80.000   -528.268635264475
  32.014    80.000   -528.268635287328
  32.377    80.000   -528.268635307878
  32.740    80.000   -528.268635326349
  33.103    80.000   -528.268635342953
  33.466    80.000   -528.268635357889
  33.829    80.000   -528.268635371340
  34.192    80.000   -528.268635383476
  34.555    80.000   -528.268635394455
  34.918    80.000   -528.268635404419
  35.281    80.000   -528.268635413499
  35.644    80.000   -528.268635421813
  36.007    80.000   -528.268635429467
  36.370    80.000   -528.268635436556
  36.733    80.000   -528.268635443164
  37.096    80.000   -528.268635449366
  37.459    80.000   -528.268635455225
  37.822    80.000   -528.268635460800
  38.185    80.000   -528.268635466137
  38.548    80.000   -528.268635471280
  38.911    80.000   -528.268635476262
  39.274    80.000   -528.268635481114
  39.637    80.000   -528.268635485859
  40.000    80.000   -528.268635490517
   4.062    90.000   -528.247786746383
   4.426    90.000   -528.258368716090
   4.789    90.000   -528.263872728653
   5.152    90.000   -528.266636361297
   5.515    90.000   -528.267963698901
   5.878    90.000   -528.268562825756
   6.241    90.000   -528.268807292191
   6.604    90.000   -528.268887952551
   6.967    90.000   -528.268898730872
   7.330    90.000   -528.268883730134
   7.693    90.000   -528.268862359201
   8.056    90.000   -528.268842311922
   8.419    90.000   -528.268826031870
   8.782    90.000   -528.268813796560
   9.145    90.000   -528.268805111616
   9.508    90.000   -528.268799296444
   9.871    90.000   -528.268795703710
  10.234    90.000   -528.268793784541
  10.597    90.000   -528.268793095228
  10.960    90.000   -528.268793285522
  11.323    90.000   -528.268794083476
  11.686    90.000   -528.268795281416
  12.049    90.000   -528.268796723858
  12.412    90.000   -528.268798297192
  12.775    90.000   -528.268799920820
  13.138    90.000   -528.268801539576
  13.501    90.000   -528.268803117348
  13.864    90.000   -528.268804631843
  14.227    90.000   -528.268806070438
  14.590    90.000   -528.268807427011
  14.953    90.000   -528.268808699614
  15.316    90.000   -528.268809888847
  15.679    90.000   -528.268810996777
  16.042    90.000   -528.268812026263
  16.405    90.000   -528.268812980561
  16.768    90.000   -528.268813863123
  17.131    90.000   -528.268814677499
  17.494    90.000   -528.268815427306
  17.857    90.000   -528.268816116214
  18.220    90.000   -528.268816747942
  18.583    90.000   -528.268817326246
  18.946    90.000   -528.268817854891
  19.309    90.000   -528.268818337623
  19.672    90.000   -528.268818778126
  20.035    90.000   -528.268819179984
  20.398    90.000   -528.268819546638
  20.761    90.000   -528.268819881353
  21.124    90.000   -528.268820187189
  21.487    90.000   -528.268820466978
  21.850    90.000   -528.268820723312
  22.213    90.000   -528.268820958539
  22.576    90.000   -528.268821174766
  22.939    90.000   -528.268821373865
  23.302    90.000   -528.268821557485
  23.665    90.000   -528.268821727076
  24.028    90.000   -528.268821883899
  24.391    90.000   -528.268822029054
  24.754    90.000   -528.268822163494
  25.117    90.000   -528.268822288051
  25.480    90.000   -528.268822403450
  25.843    90.000   -528.268822510331
  26.206    90.000   -528.268822609260
  26.569    90.000   -528.268822700744
  26.932    90.000   -528.268822785247
  27.295    90.000   -528.268822863192
  27.658    90.000   -528.268822934974
  28.021    90.000   -528.268823000966
  28.384    90.000   -528.268823061523
  28.747    90.000   -528.268823116984
  29.110    90.000   -528.268823167675
  29.473    90.000   -528.268823213914
  29.836    90.000   -528.268823256006
  30.199    90.000   -528.268823294250
  30.562    90.000   -528.268823328931
  30.925    90.000   -528.268823360327
  31.288    90.000   -528.268823388705
  31.651    90.000   -528.268823414321
  32.014    90.000   -528.268823437418
  32.377    90.000   -528.268823458229
  32.740    90.000   -528.268823476973
  33.103    90.000   -528.268823493856
  33.466    90.000   -528.268823509071
  33.829    90.000   -528.268823522799
  34.192    90.000   -528.268823535206
  34.555    90.000   -528.268823546446
  34.918    90.000   -528.268823556660
  35.281    90.000   -528.268823565977
  35.644    90.000   -528.268823574512
  36.007    90.000   -528.268823582371
  36.370    90.000   -528.268823589648
  36.733    90.000   -528.268823596425
  37.096    90.000   -528.268823602779
  37.459    90.000   -528.268823608772
  37.822    90.000   -528.268823614463
  38.185    90.000   -528.268823619900
  38.548    90.000   -528.268823625124
  38.911    90.000   -528.268823630173
  39.274    90.000   -528.268823635076
  39.637    90.000   -528.268823639857
  40.000    90.000   -528.268823644538
