   4.000     0.000   -528.210113458883
   4.364     0.000   -528.232738171604
   4.727     0.000   -528.246213185775
   5.091     0.000   -528.254334680827
   5.455     0.000   -528.259298360890
   5.818     0.000   -528.262382507472
   6.182     0.000   -528.264335568084
   6.545     0.000   -528.265598364194
   6.909     0.000   -528.266432469077
   7.273     0.000   -528.266994726821
   7.636     0.000   -528.267380589619
   8.000     0.000   -528.267649315103
   8.364     0.000   -528.267838601085
   8.727     0.000   -528.267973085658
   9.091     0.000   -528.268069302423
   9.455     0.000   -528.268138599530
   9.818     0.000   -528.268188894302
  10.182     0.000   -528.268225761513
  10.545     0.000   -528.268253136288
  10.909     0.000   -528.268273788383
  11.273     0.000   -528.268289654868
  11.636     0.000   -528.268302079962
  12.000     0.000   -528.268311990295
  12.364     0.000   -528.268320022964
  12.727     0.000   -528.268326618123
  13.091     0.000   -528.268332084611
  13.455     0.000   -528.268336645256
  13.818     0.000   -528.268340467151
  14.182     0.000   -528.268343681094
  14.545     0.000   -528.268346393546
  14.909     0.000   -528.268348693603
  15.273     0.000   -528.268350656861
  15.636     0.000   -528.268352347493
  16.000     0.000   -528.268353819405
  16.364     0.000   -528.268355117025
  16.727     0.000   -528.268356276027
  17.091     0.000   -528.268357324147
  17.455     0.000   -528.268358282106
  17.818     0.000   -528.268359164646
  18.182     0.000   -528.268359981606
  18.545     0.000   -528.268360738996
  18.909     0.000   -528.268361440012
  19.273     0.000   -528.268362085942
  19.636     0.000   -528.268362676950
  20.000     0.000   -528.268363212715
  20.364     0.000   -528.268363692926
  20.727     0.000   -528.268364117630
  21.091     0.000   -528.268364487469
  21.455     0.000   -528.268364803803
  21.818     0.000   -528.268365068738
  22.182     0.000   -528.268365285103
  22.545     0.000   -528.268365456360
  22.909     0.000   -528.268365586493
  23.273     0.000   -528.268365679876
  23.636     0.000   -528.268365741128
  24.000     0.000   -528.268365774986
  24.364     0.000   -528.268365786168
  24.727     0.000   -528.268365779267
  25.091     0.000   -528.268365758652
  25.455     0.000   -528.268365728395
  25.818     0.000   -528.268365692209
  26.182     0.000   -528.268365653411
  26.545     0.000   -528.268365614897
  26.909     0.000   -528.268365579132
  27.273     0.000   -528.268365548154
  27.636     0.000   -528.268365523591
  28.000     0.000   -528.268365506680
  28.364     0.000   -528.268365498295
  28.727     0.000   -528.268365498983
  29.091     0.000   -528.268365508996
  29.455     0.000   -528.268365528333
  29.818     0.000   -528.268365556769
  30.182     0.000   -528.268365593901
  30.545     0.000   -528.268365639175
  30.909     0.000   -528.268365691924
  31.273     0.000   -528.268365751390
  31.636     0.000   -528.268365816762
  32.000     0.000   -528.268365887191
  32.364     0.000   -528.268365961815
  32.727     0.000   -528.268366039774
  33.091     0.000   -528.268366120232
  33.455     0.000   -528.268366202379
  33.818     0.000   -528.268366285453
  34.182     0.000   -528.268366368735
  34.545     0.000   -528.268366451565
  34.909     0.000   -528.268366533342
  35.273     0.000   -528.268366613523
  35.636     0.000   -528.268366691630
  36.000     0.000   -528.268366767243
  36.364     0.000   -528.268366840006
  36.727     0.000   -528.268366909618
  37.091     0.000   -528.268366975834
  37.455     0.000   -528.268367038462
  37.818     0.000   -528.268367097359
  38.182     0.000   -528.268367152424
  38.545     0.000   -528.268367203602
  38.909     0.000   -528.268367250870
  39.273     0.000   -528.268367294242
  39.636     0.000   -528.268367333759
  40.000     0.000   -528.268367369490
   4.000    10.000   -528.214923279280
   4.364    10.000   -528.236605788382
   4.727    10.000   -528.249405110052
   5.091    10.000   -528.257039681121
   5.455    10.000   -528.261653013581
   5.818    10.000   -528.264486100041
   6.182    10.000   -528.266260064705
   6.545    10.000   -528.267395635609
   6.909    10.000   -528.268139694716
   7.273    10.000   -528.268638432209
   7.636    10.000   -528.268979630673
   8.000    10.000   -528.269217055909
   8.364    10.000   -528.269384486611
   8.727    10.000   -528.269503769914
   9.091    10.000   -528.269589455170
   9.455    10.000   -528.269651482794
   9.818    10.000   -528.269696774652
  10.182    10.000   -528.269730204985
  10.545    10.000   -528.269755219134
  10.909    10.000   -528.269774247121
  11.273    10.000   -528.269788992430
  11.636    10.000   -528.269800640084
  12.000    10.000   -528.269810009015
  12.364    10.000   -528.269817663779
  12.727    10.000   -528.269823995618
  13.091    10.000   -528.269829280106
  13.455    10.000   -528.269833717047
  13.818    10.000   -528.269837457171
  14.182    10.000   -528.269840619297
  14.545    10.000   -528.269843300848
  14.909    10.000   -528.269845583970
  15.273    10.000   -528.269847538882
  15.636    10.000   -528.269849225644
  16.000    10.000   -528.269850695113
  16.364    10.000   -528.269851989589
  16.727    10.000   -528.269853143408
  17.091    10.000   -528.269854183631
  17.455    10.000   -528.269855130846
  17.818    10.000   -528.269856000080
  18.182    10.000   -528.269856801754
  18.545    10.000   -528.269857542649
  18.909    10.000   -528.269858226816
  19.273    10.000   -528.269858856412
  19.636    10.000   -528.269859432408
  20.000    10.000   -528.269859955185
  20.364    10.000   -528.269860424996
  20.727    10.000   -528.269860842300
  21.091    10.000   -528.269861207987
  21.455    10.000   -528.269861523512
  21.818    10.000   -528.269861790934
  22.182    10.000   -528.269862012909
  22.545    10.000   -528.269862192625
  22.909    10.000   -528.269862333713
  23.273    10.000   -528.269862440132
  23.636    10.000   -528.269862516056
  24.000    10.000   -528.269862565757
  24.364    10.000   -528.269862593492
  24.727    10.000   -528.269862603410
  25.091    10.000   -528.269862599464
  25.455    10.000   -528.269862585348
  25.818    10.000   -528.269862564442
  26.182    10.000   -528.269862539778
  26.545    10.000   -528.269862514017
  26.909    10.000   -528.269862489442
  27.273    10.000   -528.269862467958
  27.636    10.000   -528.269862451105
  28.000    10.000   -528.269862440075
  28.364    10.000   -528.269862435739
  28.727    10.000   -528.269862438674
  29.091    10.000   -528.269862449192
  29.455    10.000   -528.269862467375
  29.818    10.000   -528.269862493109
  30.182    10.000   -528.269862526108
  30.545    10.000   -528.269862565954
  30.909    10.000   -528.269862612118
  31.273    10.000   -528.269862663993
  31.636    10.000   -528.269862720911
  32.000    10.000   -528.269862782170
  32.364    10.000   -528.269862847051
  32.727    10.000   -528.269862914831
  33.091    10.000   -528.269862984802
  33.455    10.000   -528.269863056279
  33.818    10.000   -528.269863128609
  34.182    10.000   -528.269863201180
  34.545    10.000   -528.269863273424
  34.909    10.000   -528.269863344823
  35.273    10.000   -528.269863414908
  35.636    10.000   -528.269863483263
  36.000    10.000   -528.269863549525
  36.364    10.000   -528.269863613381
  36.727    10.000   -528.269863674567
  37.091    10.000   -528.269863732866
  37.455    10.000   -528.269863788109
  37.818    10.000   -528.269863840165
  38.182    10.000   -528.269863888943
  38.545    10.000   -528.269863934388
  38.909    10.000   -528.269863976478
  39.273    10.000   -528.269864015217
  39.636    10.000   -528.269864050637
  40.000    10.000   -528.269864082794
   4.000    20.000   -528.225202738702
   4.364    20.000   -528.244372866803
   4.727    20.000   -528.255374487635
   5.091    20.000   -528.261715950704
   5.455    20.000   -528.265400245885
   5.818    20.000   -528.267568363501
   6.182    20.000   -528.268868403942
   6.545    20.000   -528.269667545668
   6.909    20.000   -528.270173608089
   7.273    20.000   -528.270504507812
   7.636    20.000   -528.270727705959
   8.000    20.000   -528.270882436159
   8.364    20.000   -528.270992117305
   8.727    20.000   -528.271071224462
   9.091    20.000   -528.271129068177
   9.455    20.000   -528.271171872847
   9.818    20.000   -528.271203932370
  10.182    20.000   -528.271228271049
  10.545    20.000   -528.271247040179
  10.909    20.000   -528.271261771646
  11.273    20.000   -528.271273551027
  11.636    20.000   -528.271283141978
  12.000    20.000   -528.271291078268
  12.364    20.000   -528.271297732365
  12.727    20.000   -528.271303366041
  13.091    20.000   -528.271308166909
  13.455    20.000   -528.271312273989
  13.818    20.000   -528.271315794915
  14.182    20.000   -528.271318817001
  14.545    20.000   -528.271321413955
  14.909    20.000   -528.271323649693
  15.273    20.000   -528.271325580325
  15.636    20.000   -528.271327255102
  16.000    20.000   -528.271328716843
  16.364    20.000   -528.271330002201
  16.727    20.000   -528.271331141921
  17.091    20.000   -528.271332161215
  17.455    20.000   -528.271333080238
  17.818    20.000   -528.271333914681
  18.182    20.000   -528.271334676418
  18.545    20.000   -528.271335374183
  18.909    20.000   -528.271336014230
  19.273    20.000   -528.271336600947
  19.636    20.000   -528.271337137403
  20.000    20.000   -528.271337625809
  20.364    20.000   -528.271338067895
  20.727    20.000   -528.271338465203
  21.091    20.000   -528.271338819292
  21.455    20.000   -528.271339131885
  21.818    20.000   -528.271339404940
  22.182    20.000   -528.271339640688
  22.545    20.000   -528.271339841623
  22.909    20.000   -528.271340010467
  23.273    20.000   -528.271340150126
  23.636    20.000   -528.271340263619
  24.000    20.000   -528.271340354020
  24.364    20.000   -528.271340424395
  24.727    20.000   -528.271340477738
  25.091    20.000   -528.271340516922
  25.455    20.000   -528.271340544656
  25.818    20.000   -528.271340563450
  26.182    20.000   -528.271340575591
  26.545    20.000   -528.271340583125
  26.909    20.000   -528.271340587850
  27.273    20.000   -528.271340591317
  27.636    20.000   -528.271340594829
  28.000    20.000   -528.271340599459
  28.364    20.000   -528.271340606056
  28.727    20.000   -528.271340615269
  29.091    20.000   -528.271340627558
  29.455    20.000   -528.271340643221
  29.818    20.000   -528.271340662410
  30.182    20.000   -528.271340685152
  30.545    20.000   -528.271340711369
  30.909    20.000   -528.271340740897
  31.273    20.000   -528.271340773500
  31.636    20.000   -528.271340808893
  32.000    20.000   -528.271340846748
  32.364    20.000   -528.271340886713
  32.727    20.000   -528.271340928421
  33.091    20.000   -528.271340971499
  33.455    20.000   -528.271341015578
  33.818    20.000   -528.271341060299
  34.182    20.000   -528.271341105316
  34.545    20.000   -528.271341150305
  34.909    20.000   -528.271341194965
  35.273    20.000   -528.271341239018
  35.636    20.000   -528.271341282215
  36.000    20.000   -528.271341324333
  36.364    20.000   -528.271341365178
  36.727    20.000   -528.271341404582
  37.091    20.000   -528.271341442405
  37.455    20.000   -528.271341478530
  37.818    20.000   -528.271341512866
  38.182    20.000   -528.271341545345
  38.545    20.000   -528.271341575920
  38.909    20.000   -528.271341604562
  39.273    20.000   -528.271341631260
  39.636    20.000   -528.271341656020
  40.000    20.000   -528.271341678860
   4.000    30.000   -528.238012275863
   4.364    30.000   -528.253910677702
   4.727    30.000   -528.262583787342
   5.091    30.000   -528.267257704264
   5.455    30.000   -528.269748220839
   5.818    30.000   -528.271064322952
   6.182    30.000   -528.271758499115
   6.545    30.000   -528.272128284911
   6.909    30.000   -528.272330978349
   7.273    30.000   -528.272448096763
   7.636    30.000   -528.272521040487
   8.000    30.000   -528.272570466288
   8.364    30.000   -528.272606583483
   8.727    30.000   -528.272634484563
   9.091    30.000   -528.272656820179
   9.455    30.000   -528.272675092755
   9.818    30.000   -528.272690256110
  10.182    30.000   -528.272702981495
  10.545    30.000   -528.272713772251
  10.909    30.000   -528.272723014808
  11.273    30.000   -528.272731005462
  11.636    30.000   -528.272737968888
  12.000    30.000   -528.272744073753
  12.364    30.000   -528.272749446542
  12.727    30.000   -528.272754183407
  13.091    30.000   -528.272758359717
  13.455    30.000   -528.272762037237
  13.818    30.000   -528.272765269108
  14.182    30.000   -528.272768103016
  14.545    30.000   -528.272770582962
  14.909    30.000   -528.272772750072
  15.273    30.000   -528.272774642795
  15.636    30.000   -528.272776296787
  16.000    30.000   -528.272777744684
  16.364    30.000   -528.272779015875
  16.727    30.000   -528.272780136379
  17.091    30.000   -528.272781128824
  17.455    30.000   -528.272782012554
  17.818    30.000   -528.272782803832
  18.182    30.000   -528.272783516113
  18.545    30.000   -528.272784160376
  18.909    30.000   -528.272784745469
  19.273    30.000   -528.272785278454
  19.636    30.000   -528.272785764944
  20.000    30.000   -528.272786209399
  20.364    30.000   -528.272786615394
  20.727    30.000   -528.272786985846
  21.091    30.000   -528.272787323197
  21.455    30.000   -528.272787629565
  21.818    30.000   -528.272787906857
  22.182    30.000   -528.272788156850
  22.545    30.000   -528.272788381249
  22.909    30.000   -528.272788581726
  23.273    30.000   -528.272788759933
  23.636    30.000   -528.272788917520
  24.000    30.000   -528.272789056123
  24.364    30.000   -528.272789177364
  24.727    30.000   -528.272789282834
  25.091    30.000   -528.272789374087
  25.455    30.000   -528.272789452622
  25.818    30.000   -528.272789519872
  26.182    30.000   -528.272789577196
  26.545    30.000   -528.272789625868
  26.909    30.000   -528.272789667072
  27.273    30.000   -528.272789701897
  27.636    30.000   -528.272789731337
  28.000    30.000   -528.272789756287
  28.364    30.000   -528.272789777548
  28.727    30.000   -528.272789795829
  29.091    30.000   -528.272789811749
  29.455    30.000   -528.272789825846
  29.818    30.000   -528.272789838579
  30.182    30.000   -528.272789850336
  30.545    30.000   -528.272789861439
  30.909    30.000   -528.272789872152
  31.273    30.000   -528.272789882687
  31.636    30.000   -528.272789893207
  32.000    30.000   -528.272789903837
  32.364    30.000   -528.272789914666
  32.727    30.000   -528.272789925754
  33.091    30.000   -528.272789937133
  33.455    30.000   -528.272789948818
  33.818    30.000   -528.272789960803
  34.182    30.000   -528.272789973073
  34.545    30.000   -528.272789985597
  34.909    30.000   -528.272789998342
  35.273    30.000   -528.272790011264
  35.636    30.000   -528.272790024320
  36.000    30.000   -528.272790037462
  36.364    30.000   -528.272790050642
  36.727    30.000   -528.272790063813
  37.091    30.000   -528.272790076931
  37.455    30.000   -528.272790089951
  37.818    30.000   -528.272790102833
  38.182    30.000   -528.272790115540
  38.545    30.000   -528.272790128036
  38.909    30.000   -528.272790140292
  39.273    30.000   -528.272790152279
  39.636    30.000   -528.272790163975
  40.000    30.000   -528.272790175359
   4.000    40.000   -528.249850981323
   4.364    40.000   -528.262690378553
   4.727    40.000   -528.269210733991
   5.091    40.000   -528.272357399038
   5.455    40.000   -528.273762965943
   5.818    40.000   -528.274309542992
   6.182    40.000   -528.274459217605
   6.545    40.000   -528.274444588608
   6.909    40.000   -528.274376393048
   7.273    40.000   -528.274302931743
   7.636    40.000   -528.274242021599
   8.000    40.000   -528.274197626100
   8.364    40.000   -528.274168150958
   8.727    40.000   -528.274150339327
   9.091    40.000   -528.274140930513
   9.455    40.000   -528.274137239844
   9.818    40.000   -528.274137257978
  10.182    40.000   -528.274139565032
  10.545    40.000   -528.274143195876
  10.909    40.000   -528.274147512889
  11.273    40.000   -528.274152104313
  11.636    40.000   -528.274156709826
  12.000    40.000   -528.274161168872
  12.364    40.000   -528.274165386055
  12.727    40.000   -528.274169308462
  13.091    40.000   -528.274172910995
  13.455    40.000   -528.274176186880
  13.818    40.000   -528.274179141478
  14.182    40.000   -528.274181788143
  14.545    40.000   -528.274184145389
  14.909    40.000   -528.274186234870
  15.273    40.000   -528.274188079911
  15.636    40.000   -528.274189704409
  16.000    40.000   -528.274191132009
  16.364    40.000   -528.274192385500
  16.727    40.000   -528.274193486367
  17.091    40.000   -528.274194454497
  17.455    40.000   -528.274195307990
  17.818    40.000   -528.274196063071
  18.182    40.000   -528.274196734076
  18.545    40.000   -528.274197333496
  18.909    40.000   -528.274197872071
  19.273    40.000   -528.274198358912
  19.636    40.000   -528.274198801649
  20.000    40.000   -528.274199206585
  20.364    40.000   -528.274199578861
  20.727    40.000   -528.274199922616
  21.091    40.000   -528.274200241138
  21.455    40.000   -528.274200537008
  21.818    40.000   -528.274200812236
  22.182    40.000   -528.274201068371
  22.545    40.000   -528.274201306608
  22.909    40.000   -528.274201527879
  23.273    40.000   -528.274201732921
  23.636    40.000   -528.274201922345
  24.000    40.000   -528.274202096680
  24.364    40.000   -528.274202256415
  24.727    40.000   -528.274202402026
  25.091    40.000   -528.274202533998
  25.455    40.000   -528.274202652838
  25.818    40.000   -528.274202759087
  26.182    40.000   -528.274202853318
  26.545    40.000   -528.274202936138
  26.909    40.000   -528.274203008187
  27.273    40.000   -528.274203070131
  27.636    40.000   -528.274203122658
  28.000    40.000   -528.274203166467
  28.364    40.000   -528.274203202266
  28.727    40.000   -528.274203230762
  29.091    40.000   -528.274203252652
  29.455    40.000   -528.274203268621
  29.818    40.000   -528.274203279334
  30.182    40.000   -528.274203285432
  30.545    40.000   -528.274203287525
  30.909    40.000   -528.274203286192
  31.273    40.000   -528.274203281977
  31.636    40.000   -528.274203275386
  32.000    40.000   -528.274203266887
  32.364    40.000   -528.274203256910
  32.727    40.000   -528.274203245846
  33.091    40.000   -528.274203234047
  33.455    40.000   -528.274203221828
  33.818    40.000   -528.274203209469
  34.182    40.000   -528.274203197213
  34.545    40.000   -528.274203185271
  34.909    40.000   -528.274203173824
  35.273    40.000   -528.274203163023
  35.636    40.000   -528.274203152993
  36.000    40.000   -528.274203143833
  36.364    40.000   -528.274203135620
  36.727    40.000   -528.274203128412
  37.091    40.000   -528.274203122247
  37.455    40.000   -528.274203117148
  37.818    40.000   -528.274203113121
  38.182    40.000   -528.274203110163
  38.545    40.000   -528.274203108258
  38.909    40.000   -528.274203107381
  39.273    40.000   -528.274203107500
  39.636    40.000   -528.274203108574
  40.000    40.000   -528.274203110559
   4.000    50.000   -528.258072723433
   4.364    50.000   -528.268811699684
   4.727    50.000   -528.273892575929
   5.091    50.000   -528.276041180517
   5.455    50.000   -528.276751336540
   5.818    50.000   -528.276812546874
   6.182    50.000   -528.276623229558
   6.545    50.000   -528.276371678273
   6.909    50.000   -528.276137732330
   7.273    50.000   -528.275948180689
   7.636    50.000   -528.275805890085
   8.000    50.000   -528.275704434661
   8.364    50.000   -528.275634984000
   8.727    50.000   -528.275589220196
   9.091    50.000   -528.275560324600
   9.455    50.000   -528.275543099295
   9.818    50.000   -528.275533753971
  10.182    50.000   -528.275529605828
  10.545    50.000   -528.275528796286
  10.909    50.000   -528.275530059081
  11.273    50.000   -528.275532543768
  11.636    50.000   -528.275535687074
  12.000    50.000   -528.275539121672
  12.364    50.000   -528.275542612683
  12.727    50.000   -528.275546014030
  13.091    50.000   -528.275549238736
  13.455    50.000   -528.275552238841
  13.818    50.000   -528.275554991920
  14.182    50.000   -528.275557492077
  14.545    50.000   -528.275559743955
  14.909    50.000   -528.275561758760
  15.273    50.000   -528.275563551634
  15.636    50.000   -528.275565139902
  16.000    50.000   -528.275566541895
  16.364    50.000   -528.275567776157
  16.727    50.000   -528.275568860893
  17.091    50.000   -528.275569813577
  17.455    50.000   -528.275570650692
  17.818    50.000   -528.275571387529
  18.182    50.000   -528.275572038073
  18.545    50.000   -528.275572614926
  18.909    50.000   -528.275573129282
  19.273    50.000   -528.275573590938
  19.636    50.000   -528.275574008338
  20.000    50.000   -528.275574388638
  20.364    50.000   -528.275574737803
  20.727    50.000   -528.275575060708
  21.091    50.000   -528.275575361253
  21.455    50.000   -528.275575642488
  21.818    50.000   -528.275575906731
  22.182    50.000   -528.275576155689
  22.545    50.000   -528.275576390567
  22.909    50.000   -528.275576612175
  23.273    50.000   -528.275576821023
  23.636    50.000   -528.275577017399
  24.000    50.000   -528.275577201448
  24.364    50.000   -528.275577373223
  24.727    50.000   -528.275577532744
  25.091    50.000   -528.275577680029
  25.455    50.000   -528.275577815128
  25.818    50.000   -528.275577938143
  26.182    50.000   -528.275578049239
  26.545    50.000   -528.275578148655
  26.909    50.000   -528.275578236704
  27.273    50.000   -528.275578313774
  27.636    50.000   -528.275578380319
  28.000    50.000   -528.275578436856
  28.364    50.000   -528.275578483952
  28.727    50.000   -528.275578522217
  29.091    50.000   -528.275578552294
  29.455    50.000   -528.275578574847
  29.818    50.000   -528.275578590552
  30.182    50.000   -528.275578600086
  30.545    50.000   -528.275578604123
  30.909    50.000   -528.275578603322
  31.273    50.000   -528.275578598322
  31.636    50.000   -528.275578589734
  32.000    50.000   -528.275578578143
  32.364    50.000   -528.275578564098
  32.727    50.000   -528.275578548109
  33.091    50.000   -528.275578530651
  33.455    50.000   -528.275578512158
  33.818    50.000   -528.275578493023
  34.182    50.000   -528.275578473601
  34.545    50.000   -528.275578454207
  34.909    50.000   -528.275578435118
  35.273    50.000   -528.275578416575
  35.636    50.000   -528.275578398783
  36.000    50.000   -528.275578381916
  36.364    50.000   -528.275578366117
  36.727    50.000   -528.275578351499
  37.091    50.000   -528.275578338152
  37.455    50.000   -528.275578326140
  37.818    50.000   -528.275578315507
  38.182    50.000   -528.275578306276
  38.545    50.000   -528.275578298454
  38.909    50.000   -528.275578292034
  39.273    50.000   -528.275578286995
  39.636    50.000   -528.275578283304
  40.000    50.000   -528.275578280921
   4.000    60.000   -528.261854007094
   4.364    60.000   -528.271704485165
   4.727    60.000   -528.276232777770
   5.091    60.000   -528.278032892758
   5.455    60.000   -528.278521052507
   5.818    60.000   -528.278439596140
   6.182    60.000   -528.278157683433
   6.545    60.000   -528.277845278321
   6.909    60.000   -528.277570712291
   7.273    60.000   -528.277353561720
   7.636    60.000   -528.277192179617
   8.000    60.000   -528.277077307822
   8.364    60.000   -528.276998320033
   8.727    60.000   -528.276945735997
   9.091    60.000   -528.276911961629
   9.455    60.000   -528.276891262754
   9.818    60.000   -528.276879465089
  10.182    60.000   -528.276873603467
  10.545    60.000   -528.276871608635
  10.909    60.000   -528.276872056916
  11.273    60.000   -528.276873981458
  11.636    60.000   -528.276876734627
  12.000    60.000   -528.276879889710
  12.364    60.000   -528.276883171568
  12.727    60.000   -528.276886408100
  13.091    60.000   -528.276889496501
  13.455    60.000   -528.276892379940
  13.818    60.000   -528.276895031561
  14.182    60.000   -528.276897443617
  14.545    60.000   -528.276899620167
  14.909    60.000   -528.276901572256
  15.273    60.000   -528.276903314770
  15.636    60.000   -528.276904864443
  16.000    60.000   -528.276906238606
  16.364    60.000   -528.276907454433
  16.727    60.000   -528.276908528486
  17.091    60.000   -528.276909476459
  17.455    60.000   -528.276910313029
  17.818    60.000   -528.276911051774
  18.182    60.000   -528.276911705140
  18.545    60.000   -528.276912284423
  18.909    60.000   -528.276912799781
  19.273    60.000   -528.276913260250
  19.636    60.000   -528.276913673785
  20.000    60.000   -528.276914047305
  20.364    60.000   -528.276914386753
  20.727    60.000   -528.276914697168
  21.091    60.000   -528.276914982757
  21.455    60.000   -528.276915246984
  21.818    60.000   -528.276915492648
  22.182    60.000   -528.276915721975
  22.545    60.000   -528.276915936701
  22.909    60.000   -528.276916138151
  23.273    60.000   -528.276916327315
  23.636    60.000   -528.276916504921
  24.000    60.000   -528.276916671492
  24.364    60.000   -528.276916827402
  24.727    60.000   -528.276916972925
  25.091    60.000   -528.276917108272
  25.455    60.000   -528.276917233621
  25.818    60.000   -528.276917349146
  26.182    60.000   -528.276917455031
  26.545    60.000   -528.276917551489
  26.909    60.000   -528.276917638765
  27.273    60.000   -528.276917717142
  27.636    60.000   -528.276917786948
  28.000    60.000   -528.276917848544
  28.364    60.000   -528.276917902333
  28.727    60.000   -528.276917948745
  29.091    60.000   -528.276917988239
  29.455    60.000   -528.276918021293
  29.818    60.000   -528.276918048397
  30.182    60.000   -528.276918070050
  30.545    60.000   -528.276918086751
  30.909    60.000   -528.276918098995
  31.273    60.000   -528.276918107269
  31.636    60.000   -528.276918112042
  32.000    60.000   -528.276918113769
  32.364    60.000   -528.276918112883
  32.727    60.000   -528.276918109790
  33.091    60.000   -528.276918104874
  33.455    60.000   -528.276918098491
  33.818    60.000   -528.276918090968
  34.182    60.000   -528.276918082605
  34.545    60.000   -528.276918073671
  34.909    60.000   -528.276918064411
  35.273    60.000   -528.276918055040
  35.636    60.000   -528.276918045748
  36.000    60.000   -528.276918036698
  36.364    60.000   -528.276918028033
  36.727    60.000   -528.276918019871
  37.091    60.000   -528.276918012308
  37.455    60.000   -528.276918005425
  37.818    60.000   -528.276917999283
  38.182    60.000   -528.276917993926
  38.545    60.000   -528.276917989387
  38.909    60.000   -528.276917985682
  39.273    60.000   -528.276917982819
  39.636    60.000   -528.276917980795
  40.000    60.000   -528.276917979599
   4.000    70.000   -528.262293295685
   4.364    70.000   -528.272197459305
   4.727    70.000   -528.276848846445
   5.091    70.000   -528.278787385455
   5.455    70.000   -528.279403889056
   5.818    70.000   -528.279430820742
   6.182    70.000   -528.279235404754
   6.545    70.000   -528.278989368291
   6.909    70.000   -528.278764226018
   7.273    70.000   -528.278582995403
   7.636    70.000   -528.278447185174
   8.000    70.000   -528.278350196584
   8.364    70.000   -528.278283526479
   8.727    70.000   -528.278239323152
   9.091    70.000   -528.278211201295
   9.455    70.000   -528.278194298177
   9.818    70.000   -528.278185050978
  10.182    70.000   -528.278180912682
  10.545    70.000   -528.278180093134
  10.909    70.000   -528.278181350976
  11.273    70.000   -528.278183836523
  11.636    70.000   -528.278186976979
  12.000    70.000   -528.278190393938
  12.364    70.000   -528.278193844539
  12.727    70.000   -528.278197179569
  13.091    70.000   -528.278200313662
  13.455    70.000   -528.278203204138
  13.818    70.000   -528.278205836070
  14.182    70.000   -528.278208211840
  14.545    70.000   -528.278210343964
  14.909    70.000   -528.278212250270
  15.273    70.000   -528.278213950771
  15.636    70.000   -528.278215465720
  16.000    70.000   -528.278216814495
  16.364    70.000   -528.278218015028
  16.727    70.000   -528.278219083583
  17.091    70.000   -528.278220034743
  17.455    70.000   -528.278220881511
  17.818    70.000   -528.278221635470
  18.182    70.000   -528.278222306943
  18.545    70.000   -528.278222905153
  18.909    70.000   -528.278223438359
  19.273    70.000   -528.278223913975
  19.636    70.000   -528.278224338657
  20.000    70.000   -528.278224718384
  20.364    70.000   -528.278225058514
  20.727    70.000   -528.278225363840
  21.091    70.000   -528.278225638627
  21.455    70.000   -528.278225886654
  21.818    70.000   -528.278226111252
  22.182    70.000   -528.278226315339
  22.545    70.000   -528.278226501453
  22.909    70.000   -528.278226671790
  23.273    70.000   -528.278226828235
  23.636    70.000   -528.278226972399
  24.000    70.000   -528.278227105649
  24.364    70.000   -528.278227229142
  24.727    70.000   -528.278227343849
  25.091    70.000   -528.278227450588
  25.455    70.000   -528.278227550046
  25.818    70.000   -528.278227642802
  26.182    70.000   -528.278227729344
  26.545    70.000   -528.278227810090
  26.909    70.000   -528.278227885401
  27.273    70.000   -528.278227955593
  27.636    70.000   -528.278228020949
  28.000    70.000   -528.278228081724
  28.364    70.000   -528.278228138157
  28.727    70.000   -528.278228190470
  29.091    70.000   -528.278228238877
  29.455    70.000   -528.278228283583
  29.818    70.000   -528.278228324790
  30.182    70.000   -528.278228362693
  30.545    70.000   -528.278228397487
  30.909    70.000   -528.278228429360
  31.273    70.000   -528.278228458499
  31.636    70.000   -528.278228485087
  32.000    70.000   -528.278228509302
  32.364    70.000   -528.278228531317
  32.727    70.000   -528.278228551300
  33.091    70.000   -528.278228569412
  33.455    70.000   -528.278228585810
  33.818    70.000   -528.278228600641
  34.182    70.000   -528.278228614047
  34.545    70.000   -528.278228626161
  34.909    70.000   -528.278228637107
  35.273    70.000   -528.278228647005
  35.636    70.000   -528.278228655963
  36.000    70.000   -528.278228664083
  36.364    70.000   -528.278228671458
  36.727    70.000   -528.278228678176
  37.091    70.000   -528.278228684315
  37.455    70.000   -528.278228689946
  37.818    70.000   -528.278228695135
  38.182    70.000   -528.278228699941
  38.545    70.000   -528.278228704415
  38.909    70.000   -528.278228708604
  39.273    70.000   -528.278228712550
  39.636    70.000   -528.278228716290
  40.000    70.000   -528.278228719856
   4.000    80.000   -528.261629818121
   4.364    80.000   -528.271945925744
   4.727    80.000   -528.276955522937
   5.091    80.000   -528.279189101076
   5.455    80.000   -528.280039224987
   5.818    80.000   -528.280245754417
   6.182    80.000   -528.280185267588
   6.545    80.000   -528.280038735780
   6.909    80.000   -528.279885838226
   7.273    80.000   -528.279756353926
   7.636    80.000   -528.279657162766
   8.000    80.000   -528.279585808735
   8.364    80.000   -528.279536912281
   8.727    80.000   -528.279504932662
   9.091    80.000   -528.279485165377
   9.455    80.000   -528.279473950451
   9.818    80.000   -528.279468572040
  10.182    80.000   -528.279467070141
  10.545    80.000   -528.279468055185
  10.909    80.000   -528.279470555300
  11.273    80.000   -528.279473900019
  11.636    80.000   -528.279477634958
  12.000    80.000   -528.279481460099
  12.364    80.000   -528.279485185188
  12.727    80.000   -528.279488697318
  13.091    80.000   -528.279491937200
  13.455    80.000   -528.279494881754
  13.818    80.000   -528.279497531364
  14.182    80.000   -528.279499900666
  14.545    80.000   -528.279502012019
  14.909    80.000   -528.279503891033
  15.273    80.000   -528.279505563645
  15.636    80.000   -528.279507054349
  16.000    80.000   -528.279508385245
  16.364    80.000   -528.279509575670
  16.727    80.000   -528.279510642191
  17.091    80.000   -528.279511598834
  17.455    80.000   -528.279512457415
  17.818    80.000   -528.279513227921
  18.182    80.000   -528.279513918870
  18.545    80.000   -528.279514537642
  18.909    80.000   -528.279515090750
  19.273    80.000   -528.279515584058
  19.636    80.000   -528.279516022943
  20.000    80.000   -528.279516412406
  20.364    80.000   -528.279516757150
  20.727    80.000   -528.279517061621
  21.091    80.000   -528.279517330029
  21.455    80.000   -528.279517566352
  21.818    80.000   -528.279517774333
  22.182    80.000   -528.279517957470
  22.545    80.000   -528.279518119007
  22.909    80.000   -528.279518261924
  23.273    80.000   -528.279518388936
  23.636    80.000   -528.279518502484
  24.000    80.000   -528.279518604747
  24.364    80.000   -528.279518697640
  24.727    80.000   -528.279518782832
  25.091    80.000   -528.279518861756
  25.455    80.000   -528.279518935623
  25.818    80.000   -528.279519005444
  26.182    80.000   -528.279519072047
  26.545    80.000   -528.279519136094
  26.909    80.000   -528.279519198106
  27.273    80.000   -528.279519258474
  27.636    80.000   -528.279519317482
  28.000    80.000   -528.279519375326
  28.364    80.000   -528.279519432122
  28.727    80.000   -528.279519487927
  29.091    80.000   -528.279519542749
  29.455    80.000   -528.279519596560
  29.818    80.000   -528.279519649301
  30.182    80.000   -528.279519700899
  30.545    80.000   -528.279519751265
  30.909    80.000   -528.279519800307
  31.273    80.000   -528.279519847933
  31.636    80.000   -528.279519894050
  32.000    80.000   -528.279519938577
  32.364    80.000   -528.279519981438
  32.727    80.000   -528.279520022568
  33.091    80.000   -528.279520061914
  33.455    80.000   -528.279520099434
  33.818    80.000   -528.279520135100
  34.182    80.000   -528.279520168894
  34.545    80.000   -528.279520200810
  34.909    80.000   -528.279520230853
  35.273    80.000   -528.279520259040
  35.636    80.000   -528.279520285394
  36.000    80.000   -528.279520309951
  36.364    80.000   -528.279520332750
  36.727    80.000   -528.279520353840
  37.091    80.000   -528.279520373275
  37.455    80.000   -528.279520391111
  37.818    80.000   -528.279520407412
  38.182    80.000   -528.279520422243
  38.545    80.000   -528.279520435671
  38.909    80.000   -528.279520447765
  39.273    80.000   -528.279520458594
  39.636    80.000   -528.279520468230
  40.000    80.000   -528.279520476743
   4.000    90.000   -528.261979618643
   4.364    90.000   -528.272508441793
   4.727    90.000   -528.277693791537
   5.091    90.000   -528.280067660722
   5.455    90.000   -528.281026611230
   5.818    90.000   -528.281315629418
   6.182    90.000   -528.281316504107
   6.545    90.000   -528.281214912578
   6.909    90.000   -528.281094494399
   7.273    90.000   -528.280988211259
   7.636    90.000   -528.280905420351
   8.000    90.000   -528.280845549205
   8.364    90.000   -528.280804624218
   8.727    90.000   -528.280778137860
   9.091    90.000   -528.280762134174
   9.455    90.000   -528.280753488047
   9.818    90.000   -528.280749860551
  10.182    90.000   -528.280749553591
  10.545    90.000   -528.280751357081
  10.909    90.000   -528.280754420551
  11.273    90.000   -528.280758154760
  11.636    90.000   -528.280762159304
  12.000    90.000   -528.280766170049
  12.364    90.000   -528.280770020838
  12.727    90.000   -528.280773615320
  13.091    90.000   -528.280776905980
  13.455    90.000   -528.280779878459
  13.818    90.000   -528.280782539850
  14.182    90.000   -528.280784910087
  14.545    90.000   -528.280787015746
  14.909    90.000   -528.280788885760
  15.273    90.000   -528.280790548601
  15.636    90.000   -528.280792030593
  16.000    90.000   -528.280793355038
  16.364    90.000   -528.280794541928
  16.727    90.000   -528.280795608030
  17.091    90.000   -528.280796567206
  17.455    90.000   -528.280797430843
  17.818    90.000   -528.280798208319
  18.182    90.000   -528.280798907447
  18.545    90.000   -528.280799534877
  18.909    90.000   -528.280800096421
  19.273    90.000   -528.280800597317
  19.636    90.000   -528.280801042414
  20.000    90.000   -528.280801436309
  20.364    90.000   -528.280801783425
  20.727    90.000   -528.280802088055
  21.091    90.000   -528.280802354372
  21.455    90.000   -528.280802586422
  21.818    90.000   -528.280802788101
  22.182    90.000   -528.280802963136
  22.545    90.000   -528.280803115046
  22.909    90.000   -528.280803247127
  23.273    90.000   -528.280803362424
  23.636    90.000   -528.280803463715
  24.000    90.000   -528.280803553509
  24.364    90.000   -528.280803634031
  24.727    90.000   -528.280803707236
  25.091    90.000   -528.280803774809
  25.455    90.000   -528.280803838182
  25.818    90.000   -528.280803898547
  26.182    90.000   -528.280803956873
  26.545    90.000   -528.280804013931
  26.909    90.000   -528.280804070308
  27.273    90.000   -528.280804126436
  27.636    90.000   -528.280804182604
  28.000    90.000   -528.280804238986
  28.364    90.000   -528.280804295657
  28.727    90.000   -528.280804352609
  29.091    90.000   -528.280804409770
  29.455    90.000   -528.280804467019
  29.818    90.000   -528.280804524197
  30.182    90.000   -528.280804581121
  30.545    90.000   -528.280804637591
  30.909    90.000   -528.280804693401
  31.273    90.000   -528.280804748345
  31.636    90.000   -528.280804802224
  32.000    90.000   -528.280804854846
  32.364    90.000   -528.280804906036
  32.727    90.000   -528.280804955636
  33.091    90.000   -528.280805003502
  33.455    90.000   -528.280805049514
  33.818    90.000   -528.280805093569
  34.182    90.000   -528.280805135585
  34.545    90.000   -528.280805175499
  34.909    90.000   -528.280805213266
  35.273    90.000   -528.280805248860
  35.636    90.000   -528.280805282271
  36.000    90.000   -528.280805313502
  36.364    90.000   -528.280805342573
  36.727    90.000   -528.280805369516
  37.091    90.000   -528.280805394372
  37.455    90.000   -528.280805417194
  37.818    90.000   -528.280805438040
  38.182    90.000   -528.280805456980
  38.545    90.000   -528.280805474085
  38.909    90.000   -528.280805489432
  39.273    90.000   -528.280805503103
  39.636    90.000   -528.280805515181
  40.000    90.000   -528.280805525751
