 Cnkl           1           1           1   26.263227167040000     
 Cnkl           1           1           2   181.35306840931801     
 Cnkl           1           1           3   57192.303720597069     
 Cnkl           1           2           1  0.15442486433100000     
 Cnkl           1           2           2   596.62423019540802     
 Cnkl           1           2           3  -23404.032465684726     
  0.22117209802000001     
  
  0.50000000000000000     
  
  0.81453843233199996     
  
   1.2991361656920000     
  
  0.70647642856000004     
  
 A0(           1           1 )   7.5549013339999997E-003
 A0(           1           2 )  -3.4954397332000002E-002
 A0(           1           3 ) -0.19035980803899999     
 A1(           1           1 )  -4.2054231800000002E-004
 A1(           1           2 )   1.6418059330000000E-003
 A1(           1           3 )   1.0356278050999999E-002
 A2(           1           1 )   6.0309430000000003E-006
 A2(           1           2 )  -1.9019638000000001E-005
 A2(           1           3 )  -1.4390287199999999E-004
 A0(           2           1 )  -2.6573410441559999     
 A0(           2           2 )   18.059583561219000     
 A0(           2           3 )   38.416682903396001     
 A1(           2           1 )  0.23435141399300000     
 A1(           2           2 )  -1.6685541176980001     
 A1(           2           3 )  -3.8111713326299999     
 A2(           2           1 )  -6.2453714030000001E-003
 A2(           2           2 )   4.5285938137999998E-002
 A2(           2           3 )  0.11800822945800001     
 A0(           3           1 )   24.378111340236000     
 A0(           3           2 )  -83.020824042417999     
 A0(           3           3 )  -112.24892697123100     
 A1(           3           1 )  -3.6484283955830001     
 A1(           3           2 )   11.445559123611000     
 A1(           3           3 )   12.476695737621000     
 A2(           3           1 )  0.28693963468900002     
 A2(           3           2 )  -1.2990855519030000     
 A2(           3           3 )  -1.9878945246060000     
 A0(           4           1 )  -12.565490126583001     
 A0(           4           2 )   54.230062041334001     
 A0(           4           3 )   63.409949907232999     
 A1(           4           1 )  -4.1300850537470000     
 A1(           4           2 )   11.377962058127000     
 A1(           4           3 )   14.181382491271000     
 A2(           4           1 )  -1.1453576902600000     
 A2(           4           2 )   2.4499234952569999     
 A2(           4           3 )   2.4811414921489998     
